159
110
195
127
162
32
64
164
193
131
38
126
159
96
210
163
185
227
134
101
101
75
224
70
101
203
140
206
74
199
213
88
254
95
206
84
55
174
173
70
185
232
210
181
171
255
48
82
95
255
150
233
117
70
233
88
141
224
112
153
148
225
170
92
159
36
70
40
63
168
161
64
156
149
67
156
250
127
130
176
209
169
37
168
220
45
97
143
238
222
131
195
149
84
41
82
191
189
41
149
65
188
211
230
89
53
79
234
84
70
111
41
149
146
162
130
246
103
40
144
91
148
235
251
105
124
149
199
186
247
190
53
97
106
105
36
155
46
244
247
247
34
62
146
130
93
149
189
150
156
75
62
129
153
136
107
147
158
102
216
147
109
253
229
128
125
115
98
82
207
226
77
33
154
80
204
169
107
210
180
153
253
129
51
128
103
173
194
49
189
124
67
36
33
199
32
120
125
155
207
140
255
227
122
45
53
184
64
252
97
63
123
43
71
239
173
109
60
79
169
170
84
184
199
86
168
191
43
141
191
109
87
175
165
114
247
142
219
39
208
105
127
153
251
100
243
121
190
185
136
45
246
211
191
94
202
34
149
153
224
90
63
215
220
38
163
177
134
130
81
86
62
141
152
235
202
66
171
140
68
233
182
46
125
42
228
98
166
210
84
60
146
148
226
160
255
68
112
145
137
52
162
33
180
225
253
254
52
183
138
104
99
73
207
121
205
140
236
183
95
222
41
64
161
163
134
252
167
71
61
59
181
103
48
96
217
61
253
167
67
46
130
118
185
145
179
36
174
67
246
109
38
149
249
228
178
214
75
178
119
135
196
69
50
132
207
51
102
82
68
36
62
205
44
161
65
241
107
125
116
136
233
173
54
234
243
92
49
109
184
59
172
171
160
75
193
116
65
139
142
162
110
183
153
233
186
161
55
63
179
166
104
227
117
239
235
177
82
86
244
62
180
223
254
169
229
85
111
227
162
228
66
171
178
56
228
212
253
127
45
81
56
111
79
221
49
156
114
55
51
85
121
77
57
126
206
73
76
191
165
68
119
161
138
134
199
61
147
41
165
112
126
197
248
199
225
48
76
248
139
180
196
43
49
64
160
33
92
150
57
145
79
198
233
149
88
234
124
92
216
134
50
236
149
32
175
221
62
232
96
59
75
111
141
224
235
236
193
50
122
80
89
117
189
139
224
111
113
185
112
133
152
165
76
90
234
172
96
199
58
35
80
62
144
195
77
159
55
211
81
124
192
108
153
161
55
236
53
178
143
241
92
241
123
106
95
211
224
102
187
211
159
133
139
78
207
242
246
108
124
195
208
86
135
251
176
185
47
217
118
144
62
238
53
143
45
201
36
253
80
234
114
60
166
196
187
199
125
56
249
127
172
201
151
203
42
216
199
204
69
54
174
86
201
38
168
226
62
104
110
132
117
183
236
107
176
110
116
208
169
241
205
77
106
215
155
225
185
54
152
201
136
203
84
149
104
251
80
123
184
81
192
97
167
226
178
156
169
132
250
177
147
154
179
146
240
207
197
40
102
206
129
38
111
106
197
156
33
106
33
46
199
40
143
194
153
145
139
179
115
210
57
217
158
167
105
72
226
180
230
179
200
241
49
104
164
113
198
180
66
76
40
149
101
169
195
230
37
124
248
203
123
248
63
67
47
183
220
227
66
69
36
120
55
136
48
218
174
100
40
39
147
85
234
182
113
78
45
240
55
148
200
253
209
210
231
78
52
215
206
59
61
131
246
249
128
253
253
163
77
159
254
208
193
229
153
92
104
227
245
114
105
125
62
129
111
51
186
243
145
132
185
176
131
57
69
54
178
33
161
51
55
218
81
78
254
213
89
231
177
51
65
183
96
62
244
133
63
156
178
170
117
132
194
236
105
143
221
191
195
106
94
65
96
174
134
100
62
185
45
51
192
179
117
56
120
75
181
59
51
36
71
243
157
147
171
242
52
67
86
126
41
203
243
44
70
79
191
164
199
65
75
224
248
222
101
215
238
231
207
34
251
229
195
137
145
206
219
113
232
180
87
85
48
254
222
233
80
151
180
51
185
39
241
102
91
204
202
69
98
222
123
67
177
207
225
92
126
176
253
198
193
160
82
153
102
207
236
84
192
182
101
169
216
221
179
167
153
35
68
108
169
217
62
107
120
166
141
212
161
237
151
59
180
197
54
95
129
115
76
240
233
107
222
106
252
146
63
57
183
155
91
73
134
195
70
153
184
167
119
57
236
61
187
221
125
204
183
135
182
70
173
97
81
197
221
144
74
108
52
233
167
222
50
95
233
239
186
197
54
244
32
74
233
73
173
165
37
222
86
220
146
176
38
131
242
175
169
147
60
96
252
114
197
94
59
101
213
209
129
225
154
107
128
177
170
74
228
195
233
190
119
235
165
147
98
244
242
184
223
74
227
117
47
78
156
200
218
171
119
141
168
46
177
254
189
174
61
155
32
216
46
231
53
51
227
69
244
180
209
247
160
93
224
147
193
163
144
165
100
52
244
39
248
78
142
224
105
245
46
115
155
141
181
97
45
82
37
99
217
231
48
228
78
85
58
117
246
158
57
187
87
76
244
156
73
168
154
39
38
142
133
34
80
126
196
233
95
94
57
228
55
193
239
68
37
101
194
195
88
213
122
230
68
117
94
231
141
43
219
141
207
229
223
250
92
194
70
211
235
100
145
95
145
184
231
89
207
196
155
221
162
144
141
165
222
169
215
102
142
35
126
255
51
115
187
32
82
134
35
138
100
180
36
194
217
163
247
219
166
102
80
92
198
150
133
192
50
90
74
176
107
72
47
115
139
34
222
130
206
133
244
92
118
140
109
240
176
182
236
184
59
73
105
209
228
240
147
200
157
64
213
142
41
72
75
226
101
40
147
216
253
114
42
75
77
118
191
42
103
247
223
192
236
223
243
182
98
160
113
78
63
238
74
219
58
164
46
237
202
149
98
201
185
35
210
235
207
130
205
214
84
232
44
113
52
132
98
61
149
50
217
82
97
174
130
207
131
71
81
46
58
101
155
35
67
229
103
33
76
119
213
253
95
73
36
53
83
96
206
48
168
38
194
137
208
164
50
178
112
119
75
70
95
59
33
229
51
252
237
145
237
56
53
33
168
249
208
92
147
169
66
51
178
116
34
91
181
125
50
85
45
60
130
226
158
254
161
208
190
231
210
174
113
106
165
236
164
64
147
80
58
181
37
175
174
63
66
254
134
128
58
112
71
191
148
87
180
237
144
62
88
46
50
218
205
165
222
145
53
37
97
151
223
240
162
166
133
111
200
190
171
78
63
181
181
65
155
216
253
201
178
126
169
120
51
32
92
138
66
209
243
71
75
186
52
180
157
243
82
81
131
42
92
129
63
184
236
170
236
194
63
115
71
166
93
35
209
43
71
44
245
172
182
163
170
220
225
187
131
198
221
160
32
114
55
34
75
47
53
83
67
65
187
44
97
182
141
114
169
170
175
170
151
175
146
252
219
233
98
128
254
119
208
155
196
57
177
113
198
81
213
34
85
43
83
68
131
155
191
149
124
59
126
173
230
125
171
143
218
225
83
69
234
55
66
149
58
138
187
43
65
35
236
66
238
59
162
39
167
70
90
191
198
255
35
248
236
232
166
148
108
121
61
158
218
171
247
97
180
91
33
168
132
228
179
149
144
245
118
60
234
219
89
65
111
80
246
110
213
44
76
215
75
177
85
139
164
80
195
146
43
45
96
174
124
46
43
120
195
146
215
129
135
220
212
56
246
44
123
49
199
216
104
239
224
105
241
247
174
234
87
118
147
163
118
62
217
81
134
131
33
219
177
63
142
100
121
78
80
54
35
33
202
90
92
197
95
38
128
153
206
244
175
165
137
112
198
55
38
69
138
37
218
251
140
144
178
98
171
251
35
148
246
197
239
246
81
123
244
213
172
201
69
159
184
138
118
160
58
116
186
242
45
170
143
78
101
38
175
74
45
183
243
159
99
55
205
190
250
135
72
36
92
242
145
240
101
136
240
83
151
190
222
49
223
172
37
135
86
227
41
89
139
109
51
110
160
229
241
133
245
69
198
114
111
81
153
117
139
208
106
153
140
60
81
76
221
108
110
44
158
141
127
152
91
57
253
218
168
199
46
126
122
65
170
88
204
220
203
240
71
116
39
156
122
148
186
200
75
76
207
169
252
148
191
242
49
204
242
56
170
143
32
155
240
95
54
105
71
178
121
250
192
46
152
41
113
136
63
52
114
95
185
95
68
250
197
166
211
156
134
239
148
150
70
72
79
209
58
109
71
238
173
97
107
37
161
175
39
109
136
201
144
45
126
73
140
171
62
139
188
85
47
125
152
150
89
241
254
175
205
80
186
103
44
87
244
132
135
87
231
180
225
35
34
117
155
54
48
172
126
86
225
125
94
62
37
136
56
241
103
62
72
107
169
85
130
101
83
138
193
175
185
174
116
183
132
198
91
130
47
141
107
106
226
50
226
101
152
208
233
69
40
215
151
71
190
102
178
202
232
121
253
117
60
46
180
54
174
202
50
127
62
66
132
111
193
125
111
114
75
232
152
78
150
161
124
50
198
71
240
182
93
47
59
243
226
117
42
149
35
240
208
157
88
134
35
183
33
227
206
184
82
223
107
51
189
35
113
116
233
146
103
65
51
167
166
55
187
38
211
163
91
172
174
101
192
199
45
90
112
136
189
164
219
114
236
144
81
49
188
179
125
101
124
216
149
101
60
163
253
37
185
63
68
106
206
45
125
213
198
214
51
108
134
181
93
252
111
78
33
240
162
122
137
129
104
155
148
227
150
240
131
214
192
91
189
69
248
103
114
32
241
55
65
162
177
81
66
160
174
188
249
47
109
203
107
110
235
125
105
208
230
179
35
112
84
166
137
167
141
70
134
182
51
165
98
92
236
46
47
37
91
62
34
188
40
183
206
75
84
248
102
43
233
174
58
140
66
223
82
140
115
247
140
211
105
95
146
208
241
150
120
83
80
140
85
111
89
64
189
37
103
184
255
51
152
193
57
132
152
172
212
89
212
92
127
237
210
214
185
121
184
195
118
98
47
249
138
205
81
224
40
114
50
191
115
240
233
179
253
214
109
127
78
137
223
51
246
86
88
219
154
40
237
46
145
33
128
195
255
35
47
252
231
253
163
223
130
183
111
75
105
148
142
253
250
154
119
93
79
51
239
167
217
112
248
254
35
151
166
193
147
220
133
89
242
237
143
209
38
63
240
144
150
81
63
211
211
198
94
94
216
148
169
222
189
52
189
41
211
125
137
235
125
105
104
100
49
197
217
159
218
216
236
205
83
230
79
235
119
124
220
44
72
92
36
226
137
153
213
45
133
202
189
185
89
197
38
82
103
55
231
104
192
47
202
66
45
173
73
245
161
147
148
97
243
224
115
229
133
132
99
199
168
195
57
147
142
178
169
121
239
148
148
93
92
147
81
219
157
216
66
138
189
109
222
219
218
40
89
179
76
36
86
123
150
81
113
231
140
107
117
162
215
115
161
242
169
203
189
140
125
124
47
129
75
152
172
127
172
122
190
109
236
87
210
248
240
227
223
134
194
112
196
79
80
80
174
174
129
107
235
221
235
147
102
40
138
103
113
167
135
106
164
166
54
136
130
80
48
89
231
138
104
136
82
255
151
95
249
75
99
219
194
177
167
93
137
201
41
254
250
245
104
58
68
240
150
68
142
112
52
110
52
134
201
190
226
199
149
94
210
244
82
122
110
200
109
240
112
173
221
187
194
146
216
117
243
100
119
41
226
199
160
87
42
56
223
212
193
127
184
121
192
248
128
116
180
144
128
70
106
214
234
119
127
145
85
192
213
33
193
104
47
233
123
62
88
138
41
207
188
142
226
169
134
149
130
87
223
123
53
196
210
112
68
57
223
96
203
166
106
199
54
101
134
204
220
142
83
118
215
215
173
140
84
75
221
224
111
219
104
32
77
81
34
94
169
139
139
147
40
153
120
36
153
77
199
88
219
160
250
55
145
118
167
215
111
142
37
59
126
196
209
251
76
79
58
215
178
124
116
174
234
143
38
189
192
64
202
245
175
58
167
87
84
171
141
229
169
249
242
172
216
249
186
167
109
163
127
36
191
68
129
160
133
144
146
237
105
154
129
75
173
101
89
250
72
242
209
113
224
138
42
106
193
249
205
106
64
64
246
144
52
152
209
180
93
163
194
62
220
173
49
96
116
32
94
115
46
237
192
214
99
202
97
158
164
192
38
187
49
123
82
144
55
121
153
228
251
242
198
151
113
90
229
37
255
71
168
69
229
121
135
138
179
95
109
33
196
77
208
132
153
198
91
74
127
127
177
88
252
96
185
167
223
251
179
138
195
179
133
165
230
230
216
114
151
82
44
238
57
56
53
248
46
186
240
73
191
54
68
169
146
159
215
34
151
105
223
247
201
53
76
169
223
65
249
165
53
199
73
175
117
195
114
221
205
154
128
116
134
244
179
143
228
217
233
186
157
125
214
109
101
68
159
98
152
55
153
241
241
157
118
98
75
72
88
220
50
81
56
243
60
43
238
115
32
114
207
77
250
191
93
153
253
35
40
147
129
240
247
179
86
183
127
210
200
213
200
248
180
103
138
182
142
206
232
52
72
68
88
113
222
57
56
91
108
40
139
220
203
131
253
168
73
127
174
45
170
230
174
231
177
138
146
136
93
211
225
157
57
143
62
48
197
90
114
44
189
205
55
195
190
194
156
149
155
205
183
143
201
155
38
162
55
248
73
74
254
104
237
197
68
227
178
128
109
49
142
151
95
71
165
241
232
250
215
167
180
215
137
199
219
253
105
76
191
147
88
180
48
164
170
208
231
72
32
56
133
169
222
237
141
41
150
74
65
181
139
112
144
160
134
178
210
222
98
79
200
128
94
251
84
171
246
158
211
47
80
238
51
45
137
208
145
199
40
52
138
229
115
178
59
32
42
139
170
248
141
214
95
234
241
45
49
84
153
97
120
174
93
194
247
55
45
53
67
78
194
100
99
247
87
45
94
98
111
129
123
90
217
151
175
170
153
126
249
88
41
149
126
100
125
142
64
134
88
127
244
52
214
250
245
112
224
124
107
121
69
111
184
242
151
61
55
165
220
85
64
41
230
108
119
251
206
184
254
185
57
147
128
96
159
117
125
206
95
177
122
209
70
191
238
240
79
201
229
95
38
172
48
84
72
210
113
137
82
219
102
85
234
32
202
172
244
225
100
149
139
226
198
146
127
222
117
156
92
100
98
228
44
76
50
194
243
173
247
57
130
134
214
211
49
133
157
219
150
255
57
66
56
184
123
129
51
131
61
140
149
49
93
242
67
222
79
241
144
76
174
191
96
52
201
216
150
171
250
204
178
34
190
104
168
200
61
213
117
88
111
233
49
178
37
83
176
211
104
98
80
188
76
178
123
187
231
106
56
247
35
223
222
132
42
238
142
179
140
39
215
51
238
244
137
41
34
207
239
233
139
254
123
164
161
107
47
87
176
33
118
116
65
218
141
51
75
129
241
241
91
180
186
43
69
124
40
45
65
92
213
66
156
250
157
105
222
215
88
163
150
137
173
89
59
187
187
58
154
162
163
127
63
194
204
33
246
177
156
251
96
160
38
151
50
75
200
95
144
191
35
154
219
225
50
193
41
238
145
156
102
71
173
219
156
80
96
105
251
206
56
120
230
174
39
35
120
54
111
247
248
110
50
95
155
175
134
62
192
244
97
236
94
87
57
163
224
233
72
225
101
57
83
119
253
155
36
228
248
122
250
131
113
72
188
233
151
176
188
231
85
225
124
55
204
125
143
222
193
103
151
74
77
222
93
234
132
235
85
82
41
40
175
52
157
124
195
98
242
123
252
117
213
118
58
175
236
147
142
234
201
51
101
45
63
253
43
115
108
112
141
214
142
133
90
143
123
244
255
95
235
189
250
102
219
51
194
38
54
136
58
190
129
125
111
68
66
152
189
172
194
143
245
49
241
49
98
185
94
143
231
237
141
114
105
70
88
219
37
131
202
120
36
190
82
230
159
54
108
241
219
34
156
238
75
125
51
48
191
154
218
35
80
63
210
113
130
34
53
154
241
179
102
33
39
239
251
138
127
167
189
195
234
209
239
161
135
201
120
108
71
159
39
106
97
168
138
49
137
137
113
57
125
75
132
78
33
98
167
220
182
38
72
151
216
207
143
113
82
105
232
203
140
201
130
46
96
214
107
229
162
34
48
173
175
201
158
251
227
77
238
224
101
51
245
74
228
85
84
246
246
193
101
188
93
223
185
207
219
127
101
243
132
133
169
231
119
232
157
142
245
110
219
117
214
216
253
79
216
252
106
238
69
71
130
196
245
207
97
118
229
237
170
99
34
196
101
43
196
237
208
142
152
213
196
93
170
221
225
136
95
213
135
36
188
59
201
181
232
108
182
205
203
122
74
62
138
235
92
176
236
50
101
235
186
108
57
189
215
213
209
59
115
56
75
220
88
253
94
207
228
68
118
200
164
202
110
117
164
127
136
203
151
253
116
197
105
32
142
176
70
64
242
212
161
202
194
168
71
80
185
102
206
236
184
71
215
250
199
141
58
173
44
153
246
89
71
66
152
239
153
184
97
42
250
45
232
93
218
97
145
163
181
82
150
195
92
111
53
202
148
146
171
153
252
227
246
133
214
231
61
130
143
36
64
188
225
39
76
70
49
242
88
198
157
70
96
244
102
193
116
119
194
123
131
221
210
110
179
89
160
223
137
112
209
206
204
202
241
117
226
171
91
92
240
255
75
207
230
35
196
189
94
219
39
165
252
70
198
148
181
227
113
34
153
162
246
144
84
53
68
142
186
109
69
146
107
114
36
62
153
195
192
234
175
53
172
207
73
166
52
105
142
187
145
140
90
234
202
246
231
198
197
232
246
194
133
142
171
226
135
145
203
179
136
146
126
214
119
253
98
127
194
218
81
87
186
246
42
52
169
62
213
69
224
242
229
81
237
255
150
45
152
115
162
223
89
235
202
65
110
230
230
72
247
69
123
108
83
92
176
82
80
160
154
196
208
202
73
253
240
105
247
222
193
179
249
211
185
173
110
223
105
112
48
226
177
205
88
138
152
98
72
87
130
216
48
129
63
129
38
206
66
70
203
148
46
83
152
172
72
139
35
177
229
97
45
146
144
223
255
151
230
50
139
214
138
97
39
226
134
126
52
46
140
184
201
39
155
176
138
148
212
244
162
216
139
176
227
231
179
53
166
188
116
76
178
110
87
80
77
139
254
90
252
130
93
212
33
158
190
64
202
138
88
224
245
54
238
202
112
158
154
170
176
167
74
114
232
118
41
253
80
40
204
142
227
87
209
234
119
103
141
235
159
78
58
95
140
195
38
238
136
63
243
81
140
204
46
109
154
59
120
175
151
115
228
220
109
139
236
159
113
155
114
152
255
113
127
183
156
223
157
68
192
205
103
214
184
90
44
39
130
93
90
179
183
109
40
180
157
232
53
193
255
226
191
217
254
251
122
99
130
58
117
104
252
240
126
67
176
168
145
222
128
58
119
252
185
50
117
171
168
127
161
243
92
205
120
196
153
70
142
224
118
145
236
116
143
125
54
216
155
255
95
112
89
223
254
103
226
135
150
170
67
214
220
53
166
137
181
176
59
54
172
124
254
137
209
247
50
171
119
122
146
176
97
63
157
63
166
172
199
223
226
254
105
140
103
60
173
228
90
224
119
63
198
152
204
96
212
78
183
43
223
251
248
147
73
235
84
243
88
238
97
49
58
241
214
187
111
73
93
247
202
111
59
115
159
189
35
174
44
211
51
45
69
221
111
76
116
230
253
170
225
102
122
177
61
75
94
238
119
243
253
88
78
200
122
86
171
246
235
140
122
93
251
232
240
136
41
57
91
128
65
79
228
90
171
92
243
252
248
141
136
78
101
176
250
167
49
155
143
212
223
75
60
163
67
244
204
186
133
234
194
233
201
44
68
54
58
151
48
79
166
138
231
197
179
132
230
225
131
168
117
117
49
223
228
239
40
90
182
80
141
56
224
204
221
160
70
223
232
241
47
223
143
218
78
113
112
183
158
173
73
197
215
218
141
235
214
202
130
96
156
104
80
53
248
38
41
119
99
82
93
51
105
188
247
207
126
98
238
163
43
70
157
240
198
253
202
33
47
67
156
239
57
216
198
81
211
204
114
169
160
232
172
75
61
84
233
132
128
199
164
140
183
62
227
214
195
90
187
55
122
107
82
201
229
94
119
87
43
50
100
130
147
40
106
211
244
227
192
201
202
198
61
200
69
49
59
224
153
209
212
217
62
142
132
160
166
135
58
33
49
70
61
249
100
57
35
204
255
108
127
155
142
86
224
68
38
76
252
214
228
225
74
48
105
218
57
61
203
50
69
108
235
195
133
95
70
230
255
145
40
125
43
34
145
133
238
123
59
105
252
125
121
154
164
229
78
236
37
71
139
201
252
86
139
153
47
203
40
190
44
131
127
214
87
89
232
130
221
233
158
74
240
109
34
165
209
145
219
69
64
186
151
78
116
98
56
120
254
185
123
41
112
203
126
122
68
90
194
244
103
213
217
233
175
124
113
173
71
214
42
199
57
125
195
197
236
108
90
67
211
32
150
87
193
122
194
171
167
250
243
149
82
113
55
185
219
35
177
146
165
225
171
158
253
170
139
244
169
117
146
72
74
138
205
166
44
91
99
72
118
195
171
215
240
119
237
238
117
218
163
255
134
204
191
166
88
50
172
190
218
202
212
237
207
247
98
161
56
189
122
250
250
221
122
78
215
56
255
110
188
209
194
179
51
213
145
136
47
122
151
109
126
164
239
204
82
254
238
117
129
88
235
96
114
155
76
169
50
72
117
162
134
88
244
38
103
206
74
82
212
138
124
67
70
122
89
88
135
170
94
192
167
172
217
81
81
55
68
169
199
255
207
223
153
134
88
255
108
167
50
129
200
92
234
50
128
50
201
104
108
134
81
218
188
238
66
114
83
74
231
202
251
82
82
36
81
86
200
139
212
73
50
135
67
217
238
187
42
37
77
40
126
42
135
206
37
60
228
202
199
151
230
75
166
165
224
209
164
252
249
100
67
148
112
43
137
155
194
120
147
158
184
120
37
120
134
244
49
217
99
44
187
216
87
135
228
247
61
88
96
207
109
116
90
40
86
60
222
186
91
236
120
175
103
139
159
216
160
225
208
78
165
246
179
217
179
172
158
162
57
160
122
244
33
48
81
83
130
220
235
58
199
251
246
191
96
217
61
40
134
71
248
94
166
235
95
206
159
167
76
179
59
44
189
180
210
234
143
142
129
236
195
110
139
105
60
241
36
42
90
130
190
250
45
109
226
38
234
37
180
197
170
64
165
106
41
244
152
126
88
84
71
68
60
208
245
231
166
160
196
184
44
195
201
99
52
202
250
97
128
234
159
181
198
208
74
232
50
227
155
109
243
85
254
104
61
86
70
92
99
181
61
110
137
188
33
239
237
231
44
248
136
233
214
119
177
123
69
218
81
253
128
32
71
90
211
58
202
189
85
135
32
247
125
56
231
107
88
117
181
108
175
97
184
34
40
172
211
134
253
215
207
41
47
245
211
231
140
154
34
109
74
211
91
47
149
48
244
60
98
85
144
136
179
128
137
119
130
120
174
215
71
116
137
235
237
235
90
180
168
136
60
206
47
76
164
229
168
97
162
178
225
173
155
46
208
173
213
87
142
225
104
215
133
113
42
214
145
228
76
121
107
117
55
163
92
165
217
89
208
225
114
118
199
43
70
118
249
182
119
249
236
128
213
157
50
193
96
205
84
160
98
217
167
148
128
47
58
186
218
238
60
103
50
211
75
108
121
112
85
156
32
150
219
47
52
131
141
137
69
94
113
47
115
131
154
61
54
90
188
229
118
177
230
85
144
181
154
37
182
45
198
126
68
52
102
239
205
248
61
247
98
95
98
186
195
166
68
44
227
76
243
147
113
181
255
58
144
176
69
206
214
135
50
202
254
240
32
65
220
202
168
116
173
112
58
72
205
226
93
149
204
127
248
104
59
109
212
144
110
54
152
90
90
119
217
213
113
157
56
253
189
235
36
135
121
72
108
54
219
179
182
83
220
201
173
66
72
54
49
109
95
74
189
53
148
209
110
95
86
55
172
61
135
134
163
151
98
80
239
138
94
44
156
169
66
100
125
240
60
158
80
176
104
70
228
74
235
73
222
90
113
247
204
98
138
82
150
196
242
181
161
191
225
244
77
134
45
192
135
228
203
35
202
98
107
254
114
84
146
121
182
125
49
183
188
47
57
224
63
146
151
184
84
197
101
112
236
182
188
191
239
250
157
38
60
86
115
58
188
141
125
158
222
124
142
47
135
34
217
56
76
115
221
209
224
123
75
48
67
111
197
216
155
183
89
125
164
215
78
161
37
217
74
106
237
169
222
177
80
247
123
116
154
232
116
173
135
69
32
140
41
57
122
129
148
230
217
116
151
119
70
106
203
252
164
113
244
33
69
83
184
184
150
149
250
244
213
226
108
242
145
189
243
169
193
35
148
66
167
239
241
78
82
215
143
58
155
45
225
119
53
216
219
175
154
230
105
78
188
124
176
98
112
237
135
121
33
179
49
67
192
158
54
157
89
207
59
157
121
153
254
213
49
207
236
66
148
166
228
234
125
227
58
221
239
254
164
241
179
216
65
126
195
75
177
58
182
113
82
224
105
229
223
86
187
74
154
185
144
61
235
212
109
86
57
233
123
104
66
241
59
113
244
92
158
96
206
157
74
123
202
45
58
164
82
148
105
139
98
136
48
46
173
139
103
226
230
111
71
248
134
235
69
206
38
40
180
100
192
135
239
41
237
80
61
106
130
150
36
109
100
105
63
66
88
207
102
171
56
229
114
245
86
250
119
195
171
158
120
114
143
122
190
148
93
75
144
240
241
177
166
225
94
206
246
169
111
167
119
118
171
96
198
242
221
241
248
214
80
229
194
72
237
108
172
90
77
183
174
162
44
123
52
231
188
113
124
182
149
229
231
195
139
77
206
39
174
155
178
157
119
73
57
71
211
84
230
80
144
133
239
107
56
134
99
188
92
87
161
110
75
214
228
223
78
248
37
238
184
61
42
186
234
47
183
251
139
237
217
124
100
244
192
221
180
194
198
221
170
44
140
146
204
121
215
217
103
207
187
79
184
108
52
178
33
247
169
37
147
80
96
210
77
32
154
104
53
223
195
111
95
247
66
68
252
65
156
253
54
59
144
39
66
85
217
114
44
227
223
148
194
108
64
98
183
230
167
208
123
236
205
43
231
39
234
253
151
54
133
185
169
119
210
236
220
169
120
87
103
104
249
161
119
137
63
65
188
166
136
156
89
97
81
84
172
216
224
66
235
45
230
78
253
211
227
228
120
148
99
132
49
167
111
182
200
179
241
143
181
117
43
242
94
237
55
158
244
78
201
108
153
55
234
250
238
158
164
209
102
56
236
121
245
78
165
92
203
242
132
70
150
143
228
91
171
183
101
71
150
138
251
41
66
103
73
37
135
91
82
253
56
182
79
156
139
155
70
205
47
190
125
214
72
91
141
51
204
53
240
51
139
183
216
56
113
213
80
182
35
149
153
56
195
246
213
123
245
246
112
186
84
105
78
69
59
108
82
179
156
95
233
219
211
76
47
155
158
240
200
140
173
234
73
80
87
194
73
200
145
222
115
38
88
37
227
181
107
83
69
185
147
57
228
111
52
172
196
158
39
209
143
136
149
45
83
65
206
160
81
77
130
85
208
33
94
253
144
90
131
51
114
98
121
178
118
60
144
214
59
220
98
35
44
151
217
63
48
60
179
249
235
244
215
125
81
238
169
202
202
140
54
193
105
94
251
225
69
156
245
85
57
54
198
192
55
71
172
132
146
170
228
162
123
205
94
242
76
113
244
221
191
209
175
233
193
153
60
145
220
168
164
165
189
232
140
200
226
132
82
108
49
128
197
218
91
100
63
219
114
168
222
163
232
60
249
223
113
228
50
112
203
192
139
168
204
176
140
84
206
63
182
114
181
48
215
190
241
155
192
49
224
98
144
95
174
197
192
47
128
238
38
173
69
232
162
69
60
240
231
88
130
86
148
190
116
113
55
213
147
173
236
95
253
109
187
161
167
95
170
101
243
119
227
179
152
62
244
173
213
45
187
232
213
174
223
207
163
97
131
184
206
217
42
190
63
59
47
45
179
57
71
234
144
159
104
216
85
45
76
128
166
215
156
138
175
44
158
76
105
56
82
110
125
214
245
126
243
227
164
66
228
230
155
89
81
37
70
200
123
205
75
237
216
158
241
43
72
94
225
226
228
191
96
66
152
71
94
216
184
113
100
81
234
114
186
175
253
169
223
200
47
41
39
131
117
138
135
65
57
161
43
129
167
78
55
207
127
75
57
101
243
219
103
246
147
146
201
84
240
185
87
140
148
177
84
190
38
59
151
206
198
128
153
235
46
215
82
167
156
216
205
94
153
64
42
253
123
210
198
114
61
162
193
234
247
44
78
108
241
89
74
179
132
132
63
164
112
244
238
79
216
254
240
101
184
75
186
205
100
208
117
50
166
116
133
132
117
93
244
202
129
224
83
199
114
167
154
78
194
157
63
85
49
50
235
181
111
165
250
187
87
246
97
233
146
216
245
136
182
32
34
87
53
123
160
246
106
179
63
103
118
206
184
125
226
192
96
253
35
167
68
130
69
208
114
220
180
172
231
233
38
39
191
96
253
135
225
70
51
227
254
252
177
198
165
232
129
200
195
90
140
92
89
177
191
47
127
191
79
233
63
83
158
225
163
69
82
125
110
138
187
247
65
176
90
194
231
206
250
156
47
38
56
225
150
198
99
137
55
174
175
231
49
178
74
167
51
216
198
164
255
183
91
95
60
97
254
134
132
246
67
148
172
229
72
152
81
50
135
121
34
217
251
252
60
148
201
55
156
234
109
136
218
38
227
96
191
227
145
206
76
68
223
211
214
62
165
92
157
103
113
42
57
171
97
239
161
33
126
112
128
66
255
95
164
84
201
84
247
239
130
135
155
90
70
114
246
219
200
32
253
39
183
192
115
198
116
98
172
47
96
56
188
247
106
211
154
191
202
60
140
144
201
105
46
220
184
84
116
243
195
49
179
162
167
124
182
223
202
88
184
171
95
205
166
82
136
112
179
45
41
238
244
102
110
166
117
254
241
253
195
213
187
233
68
89
82
176
238
102
238
141
236
247
93
155
165
130
38
69
233
217
252
248
228
61
232
150
120
120
82
155
162
235
155
224
149
169
39
152
142
80
199
144
43
135
139
218
160
40
130
218
236
145
125
192
175
129
241
79
187
166
163
72
88
206
225
144
133
61
210
56
217
182
93
42
133
144
46
215
97
249
132
74
218
204
39
181
196
109
84
198
82
169
42
200
229
86
36
243
212
46
160
231
114
104
178
227
117
180
39
128
58
157
239
101
128
252
57
161
103
195
118
150
79
188
61
89
206
233
173
153
110
160
50
192
182
61
115
191
161
65
116
126
244
164
232
213
137
243
129
231
247
176
177
239
110
125
170
158
32
210
76
213
198
50
81
217
217
124
198
144
43
138
127
207
133
174
214
120
102
227
140
136
184
252
43
51
84
250
156
132
72
129
39
165
205
239
238
70
53
53
165
228
61
122
142
117
144
181
60
179
210
181
232
143
77
111
197
43
33
198
144
220
169
248
122
142
222
76
75
33
210
93
97
231
205
62
201
220
233
228
38
56
106
122
63
197
140
90
162
60
105
54
38
106
164
180
244
144
197
229
134
188
137
246
237
255
59
196
118
182
103
210
149
140
96
49
137
244
140
143
32
141
146
136
141
246
252
170
108
251
156
84
53
211
90
62
202
98
95
212
236
183
150
165
186
95
163
165
58
160
74
210
53
35
250
172
35
76
47
199
79
204
32
117
96
123
156
35
44
255
120
134
228
161
222
192
84
157
162
39
193
193
228
198
247
129
236
98
205
85
171
250
96
176
224
81
47
186
233
162
240
67
243
133
189
236
221
185
92
249
69
61
38
109
176
235
104
174
81
235
136
141
87
188
215
249
193
149
175
198
60
113
177
182
93
182
214
65
97
79
108
47
62
40
222
190
67
94
110
101
181
187
53
108
246
150
83
171
253
100
244
181
203
135
47
140
131
204
38
55
122
151
197
222
212
98
82
47
191
231
207
210
107
252
246
75
32
84
42
68
56
135
143
227
181
216
119
52
82
63
75
158
87
33
33
152
228
57
230
174
134
198
88
70
96
204
235
186
249
246
40
87
44
173
126
181
240
206
53
90
130
49
42
70
142
242
197
174
152
222
243
205
244
242
235
175
140
145
222
88
53
188
173
97
52
103
209
50
33
214
77
36
144
81
112
160
112
187
171
81
222
200
215
132
236
56
87
55
252
73
147
220
226
35
165
126
194
93
74
243
62
168
192
228
79
84
100
208
210
34
193
139
109
247
135
239
88
41
83
44
110
174
131
248
220
253
236
164
249
55
149
76
249
99
115
101
215
198
56
227
254
170
254
148
232
204
204
196
106
168
167
176
108
50
88
241
195
132
252
43
220
63
55
143
137
36
166
144
102
150
236
208
38
47
57
119
218
54
94
220
145
232
149
48
217
246
62
121
198
128
255
253
47
163
245
255
44
182
196
102
254
242
233
153
228
213
137
118
98
90
60
60
224
171
120
71
248
246
171
49
69
233
171
133
58
226
111
136
255
245
148
148
86
167
187
162
164
156
139
168
225
243
84
47
89
210
247
94
177
113
161
210
74
189
233
148
121
87
192
164
47
176
211
96
168
109
248
126
204
223
56
194
125
137
196
189
167
167
183
106
64
163
136
197
252
212
127
195
205
194
164
155
129
61
149
236
51
113
109
155
89
244
181
42
85
96
186
214
112
161
93
81
44
254
220
249
45
198
195
195
98
62
37
222
210
74
241
210
182
187
145
153
55
219
218
211
120
193
35
121
104
251
175
125
141
242
56
72
217
105
248
79
76
152
55
120
210
254
50
184
71
224
163
135
208
177
247
185
106
246
184
110
173
138
233
212
135
57
154
193
127
175
213
49
57
215
209
213
177
126
144
59
91
218
212
145
178
80
164
178
201
100
65
125
45
39
204
211
168
46
149
222
219
82
171
222
164
161
249
36
44
159
85
86
201
79
106
228
173
237
89
248
199
186
48
121
147
47
67
191
51
39
42
87
72
158
225
110
218
89
209
47
105
148
37
183
76
175
127
239
73
202
145
141
56
121
82
170
215
223
255
106
203
32
139
208
103
209
199
169
178
140
80
77
211
120
206
221
173
146
215
154
152
197
75
80
255
49
190
160
195
69
116
212
175
34
160
152
188
178
67
44
201
195
219
75
137
169
106
120
184
233
107
211
56
125
38
53
204
250
117
242
77
77
223
196
148
191
189
39
120
197
213
234
77
65
247
235
231
128
117
248
215
196
209
216
86
204
107
40
60
131
160
198
239
193
49
150
244
69
119
207
143
238
179
221
65
195
235
62
103
191
197
65
246
86
53
243
64
91
57
87
131
185
254
214
48
132
173
37
118
242
40
39
176
56
157
248
222
176
164
183
57
246
205
194
80
174
176
48
58
81
100
195
123
201
245
140
109
195
58
103
173
114
245
208
233
71
73
235
231
230
104
174
114
164
70
66
252
39
249
114
251
117
109
58
225
210
209
153
81
132
152
234
144
67
165
44
208
76
72
97
182
58
233
40
217
138
229
96
85
180
162
48
215
203
244
186
245
154
162
130
141
66
221
32
202
68
47
115
182
236
161
116
64
219
232
170
36
190
110
115
48
93
61
190
235
201
61
182
133
48
43
194
33
139
222
73
95
135
235
159
101
129
133
33
216
188
88
238
177
173
255
90
145
223
204
125
244
133
144
211
123
210
212
202
197
210
91
80
143
180
42
205
187
82
220
199
255
71
50
169
87
57
241
237
153
150
208
173
145
82
214
51
251
189
196
181
36
59
50
72
44
135
53
185
64
99
232
103
86
123
197
44
48
53
241
60
135
202
142
241
193
168
195
228
162
225
196
146
44
88
70
212
203
135
221
47
171
192
100
91
62
106
64
64
88
110
181
139
119
211
108
82
94
108
226
63
82
72
175
205
196
73
60
57
200
80
35
152
104
87
243
227
92
45
108
115
68
145
70
169
47
108
103
49
166
199
52
38
61
115
122
42
168
204
109
83
233
154
89
157
148
120
208
109
138
140
103
66
54
110
157
187
242
138
157
124
102
98
39
176
169
84
158
248
73
166
124
150
149
56
125
189
171
161
50
78
104
70
47
125
69
107
36
61
126
225
86
110
246
137
232
54
72
60
238
131
129
73
182
249
100
74
39
73
151
165
198
251
222
137
241
122
123
113
35
162
142
74
191
114
243
218
139
215
233
194
138
49
163
106
49
189
131
206
54
166
82
114
36
57
156
229
61
202
81
216
206
68
132
217
224
186
201
117
135
45
34
35
174
233
56
215
101
241
56
225
45
244
156
228
124
63
176
185
169
226
251
223
35
243
255
204
198
235
123
63
246
194
210
155
175
94
36
94
55
38
57
33
48
232
116
117
218
51
144
215
52
121
248
228
231
182
151
221
143
231
69
252
92
121
187
239
93
64
116
117
225
226
216
64
145
95
224
236
32
70
132
254
120
67
137
119
88
202
187
58
126
234
142
201
246
178
179
155
210
132
48
75
141
132
112
176
190
235
44
245
61
188
195
44
34
66
82
249
53
147
72
162
119
33
89
164
56
159
203
174
60
220
219
229
144
200
32
171
253
145
202
127
214
82
196
174
237
237
38
161
98
169
205
58
140
186
76
143
227
154
56
127
100
172
147
160
117
220
228
142
232
40
164
235
77
33
147
252
173
52
178
44
163
220
184
174
220
201
172
83
88
109
227
194
71
252
162
152
68
81
229
210
190
73
98
51
125
175
143
60
154
85
251
243
202
48
41
155
215
137
119
108
63
117
194
170
103
118
239
161
93
131
227
85
76
61
114
138
75
253
141
82
142
239
120
138
69
145
203
132
111
239
49
157
167
92
126
141
90
104
223
183
181
247
46
33
173
157
222
121
212
113
235
73
156
43
133
226
128
60
157
33
166
192
136
108
124
168
182
87
235
86
115
238
60
85
196
106
35
239
131
73
82
237
96
153
61
124
198
222
125
135
87
79
213
207
88
200
221
41
88
220
86
201
189
174
233
56
63
100
172
247
217
174
152
109
253
165
91
153
45
133
134
156
101
204
133
163
254
151
189
150
114
254
90
49
45
210
150
116
187
237
197
129
84
202
163
206
80
200
78
204
208
34
217
73
187
210
169
137
103
129
169
237
94
79
67
198
178
185
246
183
117
118
175
73
99
194
236
248
86
70
81
158
152
136
137
114
225
199
167
103
118
218
154
191
65
36
209
152
253
205
226
161
134
192
231
112
64
46
229
185
233
170
181
50
48
230
250
47
50
169
224
127
166
156
173
61
69
135
113
190
109
237
99
243
113
141
216
242
184
68
58
125
105
168
102
38
124
83
207
76
33
111
42
177
154
249
68
121
235
224
108
126
166
189
139
151
233
245
99
143
85
246
69
91
245
201
235
189
91
122
183
219
131
158
138
207
84
104
232
97
245
209
188
131
76
67
239
226
178
99
194
79
112
237
118
59
193
127
251
106
177
148
144
190
129
129
186
79
149
111
163
239
201
110
99
58
134
170
210
105
184
89
91
63
233
86
61
51
169
158
239
178
211
127
61
241
151
238
119
206
223
53
209
210
198
175
176
150
46
231
143
143
128
224
124
190
112
109
64
62
110
223
104
197
101
141
191
253
115
71
147
243
72
34
226
52
187
147
206
253
226
178
147
213
239
156
184
141
137
154
85
43
125
51
139
43
151
170
54
246
136
85
183
66
79
97
98
81
108
164
142
191
230
59
150
113
72
137
178
82
36
49
73
158
92
202
94
210
80
156
172
252
89
251
197
142
218
139
74
169
87
139
203
207
160
243
200
42
229
255
80
47
241
86
232
212
221
250
83
141
124
118
40
40
123
92
195
158
222
98
53
200
235
96
136
109
112
108
149
232
103
166
46
54
170
243
213
245
99
151
207
202
166
106
197
228
116
125
246
172
237
193
38
140
61
115
94
43
118
151
72
186
157
223
136
54
153
110
163
66
253
107
237
135
57
203
90
93
76
223
120
253
203
112
202
158
174
106
236
203
159
115
62
216
227
208
90
159
44
228
254
188
190
254
238
248
201
145
252
145
153
51
101
174
176
35
108
126
237
87
149
150
220
93
82
121
123
125
56
246
141
127
45
131
75
185
145
202
193
106
57
54
35
222
64
60
43
149
233
87
116
74
129
195
184
105
103
164
58
158
35
79
140
214
149
137
220
101
49
91
190
203
232
207
194
157
176
196
180
227
183
87
181
247
43
160
228
198
70
88
244
236
46
148
159
145
134
32
194
217
108
232
111
55
54
196
43
33
84
216
157
145
102
78
103
53
47
206
156
138
144
203
87
105
128
107
254
164
75
164
210
235
53
124
223
187
199
47
195
91
178
141
186
244
116
97
168
56
236
152
134
63
113
64
133
123
174
171
214
251
140
146
125
205
102
138
225
135
46
156
62
233
220
133
158
171
67
48
177
251
126
187
130
70
194
124
36
96
46
119
85
228
236
135
46
111
131
140
174
185
196
167
221
120
43
75
78
243
187
217
207
237
212
78
90
78
106
74
164
191
186
130
73
145
157
130
108
175
32
174
129
40
107
147
127
217
85
107
120
182
50
52
73
108
217
224
166
202
211
155
126
108
57
116
59
45
234
246
76
97
112
94
70
221
55
238
143
216
189
98
50
143
250
131
190
63
88
74
102
57
248
63
49
97
209
231
72
239
252
128
132
155
219
131
98
173
229
156
39
191
244
66
60
228
123
155
40
70
149
188
253
137
139
148
104
253
156
86
129
66
215
223
137
104
33
193
244
231
107
81
235
255
215
210
86
59
211
137
37
254
197
101
180
116
180
206
109
70
114
44
151
67
48
193
83
160
90
96
110
57
136
34
188
35
230
105
78
200
93
71
98
227
209
45
233
107
166
121
61
86
102
99
145
191
243
75
145
239
174
92
131
48
95
212
199
226
49
181
104
49
66
116
65
38
227
42
35
203
141
108
74
217
227
161
222
59
108
151
117
160
228
99
215
107
214
255
132
173
152
135
59
40
208
153
175
63
56
175
172
53
85
126
131
154
123
171
228
196
99
197
251
112
198
107
212
46
104
137
212
203
208
83
106
99
157
75
245
46
155
236
123
78
105
234
127
59
240
48
93
170
174
143
133
71
167
202
238
38
203
220
84
213
52
193
46
165
75
137
38
228
103
115
57
50
228
114
190
177
56
136
245
157
223
108
83
160
82
182
141
230
151
238
171
104
47
164
98
100
91
232
121
49
53
228
223
188
40
212
156
73
144
148
60
90
101
45
142
173
223
142
150
192
124
138
168
43
169
89
159
102
35
131
108
57
206
224
169
70
155
252
229
152
53
177
176
210
173
115
242
53
149
206
239
210
217
71
69
117
251
41
241
51
115
215
77
58
130
201
35
75
171
42
123
106
38
188
161
113
113
223
196
197
177
96
212
171
96
221
115
34
75
162
72
36
84
34
41
233
146
197
110
176
34
115
51
105
170
252
42
78
232
56
208
251
212
104
73
76
61
246
140
232
183
132
96
37
34
48
140
77
86
174
219
151
115
186
211
249
166
156
100
224
168
68
80
201
215
97
228
158
142
104
83
125
56
38
58
115
124
73
218
77
116
63
66
58
227
124
91
75
176
184
48
169
98
68
55
179
50
153
169
157
148
59
111
219
163
184
121
209
139
242
129
85
53
90
79
107
36
94
79
143
55
176
61
78
217
93
138
96
59
127
138
228
226
54
130
248
251
54
235
209
228
227
98
219
80
40
66
130
206
69
217
86
38
196
61
215
40
225
150
231
124
174
144
101
119
45
242
55
157
254
245
91
126
93
247
239
174
136
177
235
234
85
124
80
120
148
188
94
237
236
68
80
129
206
169
100
64
166
141
84
235
237
46
107
227
85
163
113
34
190
122
167
156
93
103
131
177
110
202
147
34
185
180
177
35
76
198
197
166
51
134
128
34
134
245
128
248
241
111
178
192
155
237
68
60
95
61
85
128
61
59
98
46
177
196
163
229
40
83
239
57
231
197
160
180
165
195
174
189
68
42
249
39
52
153
178
113
113
48
148
163
107
100
70
248
175
193
40
136
164
138
237
176
226
215
93
50
111
111
95
230
67
241
122
161
190
189
142
189
213
192
117
129
89
174
190
230
96
54
149
255
224
219
38
200
50
47
41
213
183
108
208
234
168
229
127
35
84
135
162
225
136
227
228
90
149
158
243
185
184
78
72
213
117
202
166
209
212
98
199
214
161
194
197
202
251
192
183
252
127
90
193
192
106
210
53
47
229
91
56
163
96
89
63
233
101
75
41
124
